-0.7803922 -0.6078432 -0.1686275 0.0431373 -0.1450980 -0.3098039 -0.4745098 -0.3882353 -0.0117647 0.0901961 -0.2392157 -0.6000000 -0.8666667 -0.9372549 -0.8980392 -0.9372549 -0.9215686 -0.8980392 -0.8666667 -0.7725490 -0.2000000 0.0196078 -0.0274510 -0.1294118 -0.4745098 -0.4509804 -0.4509804 -0.4901961 -0.5529412 -0.6313726 -0.6705883 -0.8039216 -0.9764706 -0.9372549 -0.9137255 -0.7882353 -0.4196078 -0.1764706 -0.0509804 0.0588235 
-0.5372549 -0.2627451 0.1372549 0.1450980 0.1372549 0.3647059 0.2549020 0.3411765 0.5686275 0.5372549 0.4588235 0.0980392 -0.2000000 -0.7098039 -0.9843137 -0.9686275 -0.9529412 -0.9294118 -0.9372549 -0.8352941 -0.5686275 -0.4588235 -0.3411765 -0.3019608 -0.5764706 -0.5058824 -0.4274510 -0.4039216 -0.4745098 -0.5372549 -0.5921569 -0.6156863 -0.5607843 -0.3098039 -0.3568628 -0.8431373 -0.7176471 -0.3176471 -0.1058824 0.0039216 
-0.8509804 -0.8117647 -0.7019608 -0.6627451 -0.5607843 -0.4117647 -0.3411765 -0.2078431 -0.0117647 0.0745098 0.1529412 0.2078431 0.2470588 -0.1843137 -0.5450981 -0.6470588 -0.6705883 -0.7176471 -0.7333333 -0.6156863 -0.6705883 -0.8039216 -0.8509804 -0.8509804 -0.8039216 -0.6627451 -0.5686275 -0.5450981 -0.5921569 -0.6156863 -0.6941177 -0.5529412 -0.1529412 0.1058824 0.0509804 -0.6549020 -0.9529412 -0.6392157 -0.2000000 -0.0980392 
-0.8352941 -0.8352941 -0.6705883 -0.6000000 -0.5843138 -0.5215687 -0.5607843 -0.4980392 -0.3568628 -0.2156863 -0.1294118 -0.0352941 0.0901961 0.1764706 0.2392157 0.2156863 0.1215686 0.1215686 0.1607843 0.1529412 0.1764706 0.1372549 0.1215686 0.0901961 0.0745098 0.1215686 0.0196078 -0.0745098 -0.0980392 -0.1294118 -0.2392157 -0.4117647 -0.3490196 -0.0666667 -0.0431373 -0.4352941 -0.9215686 -0.8823529 -0.4666667 -0.1921569 
-0.8196079 -0.7647059 -0.6235294 -0.5372549 -0.4117647 -0.3803922 -0.3647059 -0.2470588 -0.1058824 -0.0274510 0.0431373 0.0901961 0.2000000 0.2627451 0.2392157 0.2627451 0.2313726 0.2470588 0.2078431 0.1843137 0.2235294 0.2549020 0.2549020 0.3176471 0.5529412 0.7176471 0.7568628 0.7411765 0.7254902 0.7411765 0.7882353 0.6862745 0.3960784 0.3725490 0.3411765 0.0039216 -0.3568628 -0.2470588 -0.1529412 -0.1607843 
-0.8274510 -0.7490196 -0.5764706 -0.4980392 -0.3568628 -0.3647059 -0.2784314 -0.1215686 -0.0431373 0.0352941 0.1215686 0.0588235 0.1764706 0.3490196 0.3176471 0.2941177 0.3333333 0.2705882 0.2313726 0.2313726 0.2627451 0.2784314 0.3647059 0.4274510 0.4745098 0.5215687 0.5686275 0.5607843 0.5607843 0.5843138 0.6549020 0.8431373 0.8745098 0.5921569 0.4039216 -0.0117647 -0.2862745 -0.2000000 -0.0117647 -0.2627451 
-0.8352941 -0.7725490 -0.5843138 -0.4117647 -0.3098039 -0.3019608 -0.1764706 -0.0901961 0.0117647 0.1215686 0.2470588 0.2470588 0.2470588 0.3411765 0.3254902 0.3254902 0.3411765 0.2862745 0.2470588 0.2549020 0.2784314 0.3568628 0.4509804 0.7019608 0.7647059 0.6156863 0.6549020 0.6784314 0.6078432 0.6392157 0.7098039 0.7725490 0.7882353 0.7490196 0.7019608 0.2862745 -0.3098039 -0.4431373 -0.4509804 -0.4431373 
-0.8588235 -0.7725490 -0.6156863 -0.3882353 -0.2941177 -0.2156863 -0.0980392 0.0196078 0.1137255 0.2000000 0.3019608 0.3568628 0.3411765 0.4352941 0.5058824 0.4196078 0.3725490 0.3176471 0.2941177 0.2784314 0.3176471 0.3725490 0.3333333 0.4196078 0.6000000 0.4666667 0.5137255 0.7882353 0.8509804 0.8980392 0.9764706 0.9764706 0.9450980 0.9764706 0.8588235 0.7882353 0.1450980 -0.3411765 -0.5294118 -0.4901961 
-0.8039216 -0.7725490 -0.5843138 -0.3098039 -0.2078431 -0.1764706 -0.2313726 -0.2549020 -0.2470588 -0.3254902 -0.2862745 -0.2000000 -0.0745098 0.0745098 0.2470588 0.1686275 0.1137255 0.2156863 0.2549020 0.2470588 0.2862745 0.2784314 0.1607843 0.1058824 -0.0039216 -0.2941177 -0.4588235 -0.3254902 -0.0901961 0.0039216 0.2862745 0.5215687 0.8823529 0.9921569 1.0000000 0.8823529 0.6862745 -0.0901961 -0.4823529 -0.4823529 
-0.7647059 -0.6705883 -0.4901961 -0.3490196 -0.3176471 -0.4196078 -0.4901961 -0.4980392 -0.4745098 -0.4980392 -0.4745098 -0.4509804 -0.4117647 -0.3725490 -0.2549020 -0.2078431 -0.2549020 -0.0117647 0.1607843 0.1215686 0.2078431 0.1294118 -0.1607843 -0.1921569 -0.2705882 -0.4117647 -0.5137255 -0.5058824 -0.4823529 -0.5294118 -0.5215687 -0.3176471 0.1137255 0.4352941 0.7019608 0.7647059 0.8823529 0.4823529 -0.3960784 -0.5294118 
-0.6705883 -0.5843138 -0.4431373 -0.5294118 -0.3568628 -0.3176471 -0.2156863 -0.0823529 -0.0431373 -0.0117647 -0.0823529 -0.1215686 -0.2078431 -0.2235294 -0.2392157 -0.2000000 -0.1764706 0.0274510 0.1764706 0.1529412 0.2000000 0.0588235 -0.1686275 -0.2392157 -0.2235294 -0.2470588 -0.3019608 -0.2470588 -0.1607843 -0.0823529 -0.0117647 0.0745098 0.2156863 0.3019608 0.4431373 0.6156863 0.7803922 0.9372549 0.0352941 -0.6392157 
-0.4666667 -0.5686275 -0.3490196 -0.4274510 -0.2000000 -0.0823529 -0.0588235 -0.0117647 -0.0117647 -0.1529412 -0.2549020 -0.3490196 -0.3490196 -0.2313726 -0.2000000 -0.1921569 -0.0980392 0.0823529 0.2470588 0.2627451 0.1843137 0.0509804 -0.1137255 -0.1843137 -0.1843137 -0.2705882 -0.3333333 -0.3333333 -0.2941177 -0.2470588 -0.1529412 -0.0509804 0.4274510 0.7725490 0.7254902 0.6235294 0.8039216 0.9921569 0.5686275 -0.5450981 
-0.2000000 -0.4117647 -0.1843137 -0.3098039 -0.2470588 -0.2784314 -0.4431373 -0.5607843 -0.5843138 -0.5843138 -0.6156863 -0.5450981 -0.4980392 -0.2862745 -0.1450980 -0.2000000 -0.0980392 0.1921569 0.3490196 0.3803922 0.2627451 0.0745098 -0.1215686 -0.2156863 -0.2235294 -0.3098039 -0.5137255 -0.6156863 -0.6549020 -0.7176471 -0.6470588 -0.5921569 -0.4666667 0.0117647 0.6784314 0.8980392 0.8431373 0.9529412 0.8431373 -0.2000000 
0.1529412 -0.1372549 -0.1607843 -0.2862745 -0.6000000 -0.6470588 -0.5058824 -0.4823529 -0.9137255 -0.8980392 -0.9843137 -0.7333333 -0.4745098 -0.5372549 -0.1607843 -0.1058824 -0.0117647 0.2784314 0.3960784 0.4274510 0.3333333 0.1843137 -0.0039216 -0.1607843 -0.1607843 -0.4745098 -0.5215687 -0.7568628 -0.8823529 -0.9294118 -0.8431373 -0.2078431 -0.4823529 -0.7176471 -0.5843138 0.2627451 0.8039216 0.9529412 0.9764706 0.0666667 
0.2784314 0.1294118 -0.3098039 -0.1215686 -0.4274510 -0.4196078 -0.2784314 -0.1686275 -0.6078432 -0.7176471 -0.7411765 -0.3568628 -0.1921569 -0.3176471 -0.0117647 0.1058824 0.2078431 0.3176471 0.4745098 0.4666667 0.3803922 0.2784314 0.1215686 0.0196078 0.0901961 -0.1215686 -0.1686275 -0.3411765 -0.6941177 -0.7019608 -0.2941177 0.1921569 0.2235294 0.6000000 0.2313726 0.1686275 0.7333333 0.9607843 1.0000000 0.4666667 
0.2156863 0.2941177 -0.1215686 0.0901961 0.0117647 -0.1137255 -0.0352941 -0.0745098 -0.0980392 -0.1450980 -0.1450980 -0.1294118 -0.1450980 0.0509804 0.2470588 0.3176471 0.3333333 0.3803922 0.5294118 0.4823529 0.4352941 0.3098039 0.1450980 0.1764706 0.2784314 0.2627451 -0.0039216 -0.0352941 -0.0509804 -0.0509804 0.1294118 0.2784314 0.5843138 0.8666667 1.0000000 1.0000000 0.9686275 0.9529412 0.9921569 0.7019608 
0.2705882 0.4980392 0.2078431 -0.0509804 0.2000000 0.1372549 0.1764706 0.1529412 0.0666667 0.0117647 -0.0274510 -0.0352941 0.0980392 0.3019608 0.4196078 0.4509804 0.4509804 0.5137255 0.5843138 0.5921569 0.6392157 0.8196079 0.5843138 0.3333333 0.3254902 0.2941177 0.1921569 0.1058824 0.0352941 0.0666667 0.1058824 0.1529412 0.2392157 0.5529412 0.7254902 0.9215686 0.9843137 0.9764706 1.0000000 0.8588235 
0.3960784 0.5215687 0.4823529 0.1764706 0.2784314 0.3333333 0.3333333 0.2470588 0.2705882 0.2470588 0.2392157 0.2705882 0.3803922 0.4431373 0.4431373 0.4901961 0.5372549 0.5372549 0.5764706 0.6235294 0.7411765 1.0000000 0.9529412 0.8666667 0.5058824 0.2862745 0.3647059 0.2784314 0.2000000 0.2313726 0.2784314 0.3098039 0.3725490 0.6156863 0.7176471 0.8352941 0.9450980 0.9764706 1.0000000 0.9137255 
0.4666667 0.5058824 0.4745098 0.4980392 0.4745098 0.4588235 0.4117647 0.3882353 0.4039216 0.4352941 0.4039216 0.4039216 0.4588235 0.4196078 0.4509804 0.5294118 0.5450981 0.5058824 0.4980392 0.5529412 0.7568628 0.9607843 0.7960784 0.8039216 0.5686275 0.1921569 0.3411765 0.4196078 0.3803922 0.3725490 0.4666667 0.4901961 0.5215687 0.5764706 0.6627451 0.7333333 0.8039216 0.9215686 1.0000000 0.9450980 
0.5137255 0.4980392 0.5058824 0.5058824 0.4980392 0.4666667 0.4274510 0.3960784 0.4039216 0.4509804 0.4431373 0.4352941 0.3882353 0.3490196 0.4509804 0.5215687 0.4745098 0.5137255 0.5372549 0.5921569 0.7333333 0.9921569 0.9372549 0.8745098 0.6470588 0.1058824 0.2000000 0.3725490 0.4117647 0.4117647 0.4039216 0.3725490 0.4039216 0.4745098 0.5921569 0.6549020 0.7647059 0.8666667 0.9686275 0.8980392 
0.4117647 0.4352941 0.4901961 0.4431373 0.4588235 0.4588235 0.4509804 0.4274510 0.4352941 0.4431373 0.4039216 0.3725490 0.2941177 0.2941177 0.3411765 0.3411765 0.3490196 0.5137255 0.6392157 0.6627451 0.7019608 0.9450980 0.9450980 0.8823529 0.3960784 -0.1764706 0.1137255 0.2705882 0.3333333 0.3333333 0.3568628 0.3803922 0.4352941 0.5843138 0.6549020 0.7098039 0.7647059 0.8352941 0.9921569 0.6941177 
0.3725490 0.3490196 0.3882353 0.4274510 0.4588235 0.4980392 0.4745098 0.4509804 0.4901961 0.3647059 0.2705882 0.2156863 0.1529412 0.1529412 0.2392157 0.3803922 0.4745098 0.6000000 0.6235294 0.6313726 0.6470588 0.8196079 0.9450980 0.9607843 0.3568628 -0.4117647 -0.0588235 0.1921569 0.3098039 0.3490196 0.3960784 0.3960784 0.4196078 0.5372549 0.6549020 0.7333333 0.7647059 0.8274510 0.9921569 0.5137255 
0.3647059 0.3647059 0.3960784 0.4666667 0.4823529 0.4431373 0.4509804 0.4823529 0.4117647 0.2392157 0.1843137 0.1764706 0.1607843 0.2000000 0.4745098 0.6156863 0.5921569 0.5843138 0.4980392 0.4901961 0.4431373 0.5372549 0.9058824 1.0000000 1.0000000 0.0745098 -0.1686275 0.1137255 0.2549020 0.3411765 0.4039216 0.3803922 0.3333333 0.4352941 0.6078432 0.6941177 0.7333333 0.8431373 0.8745098 0.1215686 
0.2784314 0.3568628 0.3803922 0.4117647 0.4274510 0.4431373 0.4274510 0.4196078 0.3411765 0.2392157 0.1215686 0.1764706 0.2941177 0.2862745 0.2156863 -0.0039216 -0.2392157 0.0588235 0.2549020 0.3176471 0.2313726 0.1686275 0.0980392 0.0980392 0.6627451 0.4039216 0.0823529 0.2705882 0.2627451 0.2941177 0.3019608 0.3254902 0.3019608 0.3490196 0.5843138 0.6941177 0.7176471 0.8666667 0.5764706 0.0039216 
0.2705882 0.3019608 0.3333333 0.3254902 0.3803922 0.4509804 0.4509804 0.3725490 0.2862745 0.2470588 0.1686275 0.2941177 0.4666667 0.4196078 0.1294118 -0.1294118 -0.2235294 -0.0823529 0.0352941 0.0117647 -0.1294118 -0.3019608 -0.4823529 -0.4588235 -0.1529412 0.1215686 0.2941177 0.2941177 0.2313726 0.1921569 0.1686275 0.2000000 0.2627451 0.2941177 0.5607843 0.6549020 0.7333333 0.8588235 0.1764706 0.0352941 
0.0745098 0.2941177 0.2862745 0.3098039 0.3882353 0.4039216 0.4274510 0.3647059 0.2862745 0.2392157 0.2862745 0.4666667 0.6470588 0.6627451 0.5921569 0.4980392 0.4039216 0.2862745 0.1450980 0.0196078 -0.0039216 0.2941177 0.7333333 0.6627451 0.3176471 0.3647059 0.4039216 0.2862745 0.2392157 0.1686275 0.1607843 0.1686275 0.2313726 0.3019608 0.5215687 0.6078432 0.8274510 0.6549020 -0.1529412 0.0509804 
-0.5215687 0.1372549 0.2862745 0.3019608 0.3568628 0.3960784 0.3725490 0.3176471 0.2862745 0.2627451 0.3568628 0.5058824 0.5607843 0.4823529 0.5215687 0.4980392 0.4274510 0.3882353 0.3960784 0.3176471 0.5137255 0.8352941 0.7725490 0.8745098 0.7647059 0.3803922 0.3019608 0.2705882 0.2000000 0.1450980 0.1215686 0.1529412 0.2549020 0.3254902 0.6313726 0.6313726 0.8901961 0.2000000 -0.1529412 0.1529412 
-0.8745098 -0.3176471 0.2470588 0.2470588 0.3098039 0.3960784 0.3725490 0.3019608 0.2470588 0.2470588 0.3333333 0.4509804 0.4352941 0.3490196 0.3098039 0.2000000 0.1215686 0.0588235 0.1843137 0.1843137 0.2000000 0.4823529 0.6000000 0.7411765 0.9450980 0.9450980 0.5843138 0.2470588 0.0509804 -0.0196078 0.0745098 0.1372549 0.2941177 0.4431373 0.6862745 0.7490196 0.6000000 -0.3019608 0.0117647 0.2313726 
-0.9137255 -0.8117647 -0.1843137 0.1764706 0.2000000 0.3490196 0.3490196 0.2705882 0.1843137 0.1215686 0.1921569 0.2470588 0.1294118 -0.0117647 -0.1607843 -0.1529412 -0.1607843 -0.2000000 -0.0196078 0.0980392 -0.1529412 -0.1686275 -0.0196078 0.1764706 0.1764706 0.4901961 0.7803922 0.7490196 0.1372549 -0.1686275 0.0196078 0.1764706 0.3725490 0.5294118 0.6470588 0.6549020 -0.1607843 -0.2941177 0.0588235 0.2784314 
-0.9058824 -0.8901961 -0.7882353 -0.2392157 0.0666667 0.1529412 0.3019608 0.2784314 0.1137255 -0.0431373 -0.1921569 -0.2392157 -0.0745098 0.1921569 0.2862745 0.2862745 0.2549020 0.1843137 0.3254902 0.5450981 0.4745098 0.4901961 0.6784314 0.7803922 0.6705883 0.5137255 0.2156863 0.3098039 0.0352941 -0.2235294 0.0666667 0.2392157 0.5450981 0.5450981 0.4745098 -0.1529412 -0.4509804 -0.1058824 0.0901961 0.2549020 
-0.8745098 -0.8823529 -0.9450980 -0.8745098 -0.4352941 -0.1372549 0.0352941 0.0745098 -0.0039216 -0.0823529 -0.0666667 -0.0431373 -0.0352941 0.1215686 0.1686275 0.2941177 0.3333333 0.3411765 0.3568628 0.3882353 0.4196078 0.3411765 0.3254902 0.5372549 0.7803922 0.8509804 0.8274510 0.8274510 0.5450981 -0.0274510 -0.0901961 0.1607843 0.3882353 0.1921569 -0.3098039 -0.5294118 -0.2235294 -0.0666667 0.1372549 0.2705882 
-0.8745098 -0.9215686 -0.9529412 -0.9529412 -0.9450980 -0.7176471 -0.3411765 -0.1607843 -0.1215686 -0.0431373 0.1058824 0.1529412 -0.0039216 -0.2078431 -0.2627451 -0.2313726 -0.2156863 -0.2392157 -0.3019608 -0.3098039 -0.3176471 -0.3333333 -0.4117647 -0.2941177 -0.1607843 -0.1921569 -0.0666667 0.3803922 0.6784314 0.2313726 -0.1607843 -0.0274510 -0.1843137 -0.5450981 -0.5686275 -0.3019608 -0.1450980 0.0274510 0.1843137 0.3098039 
-0.9137255 -0.8901961 -0.8901961 -0.9215686 -0.9294118 -0.9764706 -0.7803922 -0.4431373 -0.2941177 -0.0980392 0.0352941 0.0274510 0.0039216 -0.0588235 -0.1137255 -0.2000000 -0.2549020 -0.2862745 -0.2862745 -0.3333333 -0.3411765 -0.3490196 -0.3803922 -0.3803922 -0.3647059 -0.3882353 -0.2705882 -0.0039216 0.3882353 0.2705882 -0.1450980 -0.5372549 -0.8039216 -0.6000000 -0.3803922 -0.2078431 -0.0352941 0.0901961 0.2392157 0.3568628 
-0.9294118 -0.8901961 -0.9058824 -0.9450980 -0.9294118 -0.9450980 -0.9764706 -0.7254902 -0.4588235 -0.3882353 -0.2156863 -0.1215686 -0.0588235 -0.0039216 -0.0274510 -0.0823529 -0.1137255 -0.1372549 -0.1450980 -0.1843137 -0.2862745 -0.3411765 -0.3176471 -0.2470588 -0.1764706 -0.0823529 -0.0274510 0.0274510 0.1607843 -0.1921569 -0.7411765 -0.8274510 -0.5450981 -0.3647059 -0.2627451 -0.1372549 -0.0274510 0.0823529 0.2862745 0.3960784 
-0.9294118 -0.9294118 -0.9294118 -0.9215686 -0.9372549 -0.9294118 -0.9607843 -0.9294118 -0.6235294 -0.4588235 -0.3960784 -0.3333333 -0.2313726 -0.1294118 -0.0745098 -0.1137255 -0.1294118 -0.1843137 -0.2235294 -0.2470588 -0.2784314 -0.3333333 -0.3333333 -0.3019608 -0.2313726 -0.1450980 0.0117647 -0.0901961 -0.4274510 -0.6156863 -0.7568628 -0.6392157 -0.3333333 -0.2392157 -0.1529412 -0.1058824 -0.0196078 0.0666667 0.1607843 0.3803922 
-0.9372549 -0.9372549 -0.9137255 -0.9058824 -0.9372549 -0.9529412 -0.9764706 -0.9607843 -0.7333333 -0.6078432 -0.4196078 -0.4352941 -0.4196078 -0.3411765 -0.2627451 -0.2705882 -0.3333333 -0.3176471 -0.2705882 -0.2705882 -0.2705882 -0.3098039 -0.3647059 -0.4039216 -0.3960784 -0.5137255 -0.6313726 -0.7098039 -0.5137255 -0.3725490 -0.5294118 -0.3490196 -0.2313726 -0.1607843 -0.1372549 -0.0901961 -0.0196078 -0.0117647 0.1137255 0.1843137 
-0.9372549 -0.9372549 -0.9294118 -0.8980392 -0.9137255 -0.9294118 -0.9372549 -0.9686275 -0.5686275 -0.5764706 -0.6392157 -0.4509804 -0.4431373 -0.4196078 -0.4117647 -0.4274510 -0.4588235 -0.4509804 -0.4274510 -0.4509804 -0.4431373 -0.4980392 -0.5686275 -0.6392157 -0.7254902 -0.8588235 -0.8431373 -0.7019608 -0.3254902 0.0980392 -0.2705882 -0.2627451 -0.1686275 -0.1058824 -0.1137255 -0.1450980 -0.0588235 -0.0352941 0.0509804 0.0196078 
-0.9058824 -0.9372549 -0.9450980 -0.9215686 -0.9294118 -0.9450980 -0.9137255 -0.9764706 -0.6627451 -0.2235294 -0.6784314 -0.5921569 -0.5058824 -0.4509804 -0.4431373 -0.4509804 -0.4431373 -0.5215687 -0.5450981 -0.6000000 -0.6156863 -0.6705883 -0.7176471 -0.7647059 -0.8274510 -0.7411765 -0.5921569 -0.6000000 -0.3490196 0.2627451 0.4666667 -0.3254902 -0.2156863 -0.1372549 -0.1529412 -0.1450980 -0.0901961 -0.0823529 -0.0588235 -0.0901961 
-0.9215686 -0.9450980 -0.9529412 -0.9372549 -0.9372549 -0.9294118 -0.9294118 -0.9529412 -0.8117647 -0.0588235 -0.4039216 -0.7333333 -0.5843138 -0.5294118 -0.5294118 -0.4901961 -0.4901961 -0.4666667 -0.4901961 -0.5450981 -0.6000000 -0.6470588 -0.6705883 -0.7803922 -0.6941177 -0.4666667 -0.3960784 -0.4352941 -0.4039216 -0.2862745 0.3882353 0.2235294 -0.2941177 -0.1764706 -0.1764706 -0.1450980 -0.1294118 -0.1372549 -0.1529412 -0.1764706 
-0.9372549 -0.9529412 -0.9529412 -0.9450980 -0.9372549 -0.9294118 -0.9372549 -0.9294118 -0.8980392 -0.1450980 -0.0588235 -0.7411765 -0.6627451 -0.5764706 -0.5607843 -0.5137255 -0.5137255 -0.4823529 -0.5058824 -0.5450981 -0.5843138 -0.6235294 -0.6784314 -0.7411765 -0.4823529 -0.2784314 -0.3098039 -0.3333333 -0.3725490 -0.3411765 -0.2313726 0.5137255 0.1843137 -0.2941177 -0.2000000 -0.1843137 -0.1843137 -0.1686275 -0.1529412 -0.1764706 
-0.8352941 -0.7176471 -0.3333333 -0.1294118 -0.2784314 -0.3882353 -0.5529412 -0.4980392 -0.1215686 -0.0196078 -0.3411765 -0.6627451 -0.9058824 -0.9372549 -0.9058824 -0.9450980 -0.9294118 -0.9058824 -0.8666667 -0.8431373 -0.2941177 -0.0666667 -0.1215686 -0.2470588 -0.6078432 -0.5843138 -0.5607843 -0.5843138 -0.6392157 -0.7019608 -0.7490196 -0.8509804 -0.9294118 -0.9764706 -1.0000000 -0.8745098 -0.6000000 -0.5215687 -0.5058824 -0.4039216 
-0.5607843 -0.3333333 0.0117647 -0.0039216 0.0274510 0.3098039 0.2000000 0.2470588 0.4509804 0.4196078 0.3333333 -0.0274510 -0.2862745 -0.7098039 -0.9843137 -0.9764706 -0.9607843 -0.9372549 -0.9450980 -0.8901961 -0.6313726 -0.5058824 -0.4039216 -0.3725490 -0.6549020 -0.6156863 -0.5529412 -0.5137255 -0.5843138 -0.6313726 -0.6784314 -0.6862745 -0.5921569 -0.4039216 -0.4823529 -0.9215686 -0.8431373 -0.5764706 -0.5215687 -0.4745098 
-0.8352941 -0.8431373 -0.7803922 -0.7647059 -0.6392157 -0.4666667 -0.3882353 -0.2941177 -0.1450980 -0.0901961 -0.0352941 0.0117647 0.0823529 -0.2705882 -0.6313726 -0.7411765 -0.7647059 -0.8196079 -0.8274510 -0.7254902 -0.7882353 -0.9215686 -0.9607843 -0.9529412 -0.8745098 -0.7647059 -0.7176471 -0.6784314 -0.7176471 -0.7333333 -0.8039216 -0.6549020 -0.2627451 -0.0745098 -0.1137255 -0.7333333 -1.0000000 -0.7803922 -0.5450981 -0.5686275 
-0.8196079 -0.8352941 -0.7098039 -0.6627451 -0.6470588 -0.5921569 -0.6392157 -0.6000000 -0.5215687 -0.4352941 -0.3882353 -0.3019608 -0.1686275 -0.0666667 -0.0117647 -0.0509804 -0.1450980 -0.1529412 -0.1058824 -0.0980392 -0.0745098 -0.1372549 -0.1372549 -0.1215686 -0.0823529 -0.0196078 -0.1215686 -0.2000000 -0.2156863 -0.2392157 -0.3411765 -0.5137255 -0.4823529 -0.2705882 -0.2313726 -0.5215687 -0.9372549 -0.9529412 -0.7411765 -0.5686275 
-0.7960784 -0.7490196 -0.6470588 -0.5921569 -0.5058824 -0.4980392 -0.4901961 -0.3882353 -0.3254902 -0.2941177 -0.2470588 -0.2000000 -0.0980392 -0.0823529 -0.1137255 -0.0901961 -0.1294118 -0.1137255 -0.1450980 -0.1607843 -0.1372549 -0.1137255 -0.0980392 0.0509804 0.3647059 0.5921569 0.6549020 0.6392157 0.6392157 0.6705883 0.7254902 0.6235294 0.2941177 0.2000000 0.1372549 -0.1058824 -0.3960784 -0.3254902 -0.3333333 -0.3960784 
-0.8196079 -0.7647059 -0.6156863 -0.5686275 -0.4745098 -0.5137255 -0.4509804 -0.3254902 -0.3019608 -0.2705882 -0.2000000 -0.2313726 -0.1137255 0.0274510 -0.0117647 -0.0431373 -0.0039216 -0.0509804 -0.0901961 -0.0823529 -0.0823529 -0.0823529 0.0274510 0.1921569 0.3568628 0.4666667 0.5058824 0.5058824 0.5137255 0.5450981 0.6313726 0.8196079 0.8274510 0.4431373 0.2078431 -0.1372549 -0.3568628 -0.3254902 -0.1372549 -0.3568628 
-0.8274510 -0.7803922 -0.6156863 -0.4980392 -0.4352941 -0.4666667 -0.3803922 -0.3333333 -0.2549020 -0.1764706 -0.0666667 -0.0823529 -0.0745098 0.0352941 0.0274510 0.0274510 0.0352941 -0.0509804 -0.0901961 -0.0509804 -0.0274510 0.0274510 0.1529412 0.4745098 0.6235294 0.5450981 0.6078432 0.6156863 0.5215687 0.5764706 0.6862745 0.7803922 0.8196079 0.6862745 0.5529412 0.1372549 -0.4352941 -0.5686275 -0.5215687 -0.4901961 
-0.8509804 -0.7803922 -0.6627451 -0.4745098 -0.4274510 -0.3725490 -0.2705882 -0.1686275 -0.0901961 -0.0274510 0.0431373 0.0823529 0.0509804 0.1450980 0.2392157 0.1529412 0.0823529 -0.0196078 -0.0901961 -0.0509804 -0.0039216 0.0431373 0.0509804 0.1843137 0.4196078 0.3803922 0.4901961 0.7254902 0.7647059 0.8352941 0.9607843 0.9921569 0.9529412 0.9607843 0.7882353 0.6862745 0.0274510 -0.4509804 -0.5921569 -0.5294118 
-0.8117647 -0.7960784 -0.6470588 -0.4196078 -0.3490196 -0.3411765 -0.3568628 -0.3490196 -0.3725490 -0.4666667 -0.4431373 -0.3725490 -0.2705882 -0.1686275 0.0196078 -0.0666667 -0.1372549 -0.0980392 -0.0901961 -0.1058824 -0.0588235 -0.0352941 -0.1215686 -0.1215686 -0.1764706 -0.3960784 -0.4980392 -0.3882353 -0.1607843 -0.0509804 0.2549020 0.4980392 0.7490196 0.9294118 1.0000000 0.8823529 0.6470588 -0.2078431 -0.5764706 -0.5294118 
-0.8039216 -0.7254902 -0.5764706 -0.4745098 -0.4666667 -0.5921569 -0.6313726 -0.6156863 -0.6156863 -0.6313726 -0.6313726 -0.6156863 -0.5921569 -0.5764706 -0.4509804 -0.4039216 -0.4823529 -0.2862745 -0.1764706 -0.2392157 -0.1372549 -0.1764706 -0.4196078 -0.4039216 -0.4509804 -0.5764706 -0.6705883 -0.6549020 -0.6313726 -0.6784314 -0.6549020 -0.4745098 -0.1294118 0.2941177 0.7098039 0.8274510 0.8823529 0.3725490 -0.4901961 -0.5843138 
-0.7490196 -0.6627451 -0.5372549 -0.6549020 -0.4980392 -0.4745098 -0.3960784 -0.2627451 -0.2313726 -0.2078431 -0.2862745 -0.3254902 -0.4117647 -0.3960784 -0.4039216 -0.3803922 -0.3960784 -0.2549020 -0.1686275 -0.2235294 -0.1529412 -0.2313726 -0.4117647 -0.4431373 -0.4196078 -0.4588235 -0.5294118 -0.4509804 -0.3568628 -0.2941177 -0.2392157 -0.1764706 -0.0274510 0.1607843 0.4196078 0.6392157 0.7725490 0.8745098 -0.0509804 -0.7254902 
-0.5450981 -0.6549020 -0.4509804 -0.5529412 -0.3411765 -0.2313726 -0.2235294 -0.1921569 -0.2000000 -0.3333333 -0.4196078 -0.5215687 -0.5215687 -0.3960784 -0.3647059 -0.3725490 -0.3254902 -0.2235294 -0.1137255 -0.1215686 -0.1607843 -0.2392157 -0.3490196 -0.3882353 -0.4039216 -0.4588235 -0.4666667 -0.4352941 -0.3882353 -0.3725490 -0.3333333 -0.2549020 0.2862745 0.6549020 0.6313726 0.5607843 0.7647059 0.9921569 0.5137255 -0.6470588 
-0.3254902 -0.5294118 -0.3098039 -0.4352941 -0.3725490 -0.3882353 -0.5529412 -0.6627451 -0.6705883 -0.6627451 -0.6941177 -0.6392157 -0.6078432 -0.4509804 -0.3333333 -0.4196078 -0.3647059 -0.1372549 -0.0274510 0.0039216 -0.0823529 -0.2235294 -0.3647059 -0.4274510 -0.4274510 -0.4431373 -0.5450981 -0.6156863 -0.6235294 -0.7176471 -0.7098039 -0.7019608 -0.5529412 -0.1058824 0.5372549 0.7725490 0.7725490 0.9607843 0.8039216 -0.2941177 
-0.0823529 -0.3490196 -0.3411765 -0.4196078 -0.6941177 -0.7098039 -0.5686275 -0.5372549 -0.9215686 -0.8980392 -0.9921569 -0.7725490 -0.5607843 -0.6941177 -0.3725490 -0.3882353 -0.3333333 -0.0745098 0.0431373 0.1058824 0.0117647 -0.1607843 -0.3254902 -0.4039216 -0.3254902 -0.5921569 -0.6000000 -0.7725490 -0.8509804 -0.9137255 -0.8901961 -0.3098039 -0.6156863 -0.8588235 -0.7176471 0.1607843 0.7411765 0.9215686 0.9372549 -0.0196078 
0.0274510 -0.1137255 -0.5215687 -0.3019608 -0.5686275 -0.5294118 -0.4117647 -0.2941177 -0.7098039 -0.8196079 -0.8352941 -0.4823529 -0.3490196 -0.5137255 -0.2470588 -0.1686275 -0.0823529 0.0352941 0.2000000 0.2392157 0.1529412 0.0117647 -0.1607843 -0.2470588 -0.1607843 -0.3254902 -0.3333333 -0.4666667 -0.7803922 -0.7960784 -0.4431373 0.0196078 0.0823529 0.5137255 0.1529412 0.1137255 0.7019608 0.9529412 0.9843137 0.4196078 
-0.0431373 0.0352941 -0.3647059 -0.1372549 -0.2000000 -0.3019608 -0.2392157 -0.3019608 -0.3176471 -0.3568628 -0.3647059 -0.3568628 -0.3725490 -0.1921569 -0.0196078 0.0509804 0.0823529 0.1607843 0.3411765 0.3490196 0.3019608 0.1294118 -0.0980392 -0.1137255 -0.0588235 -0.0588235 -0.2784314 -0.2784314 -0.2627451 -0.2705882 -0.1294118 0.0117647 0.4352941 0.7725490 0.9529412 1.0000000 0.9686275 0.9686275 0.9921569 0.6784314 
0.0352941 0.2549020 -0.0274510 -0.2862745 -0.0352941 -0.1058824 -0.0823529 -0.1215686 -0.2235294 -0.2862745 -0.3176471 -0.3176471 -0.1607843 0.0352941 0.1529412 0.1921569 0.2235294 0.3333333 0.4509804 0.4901961 0.5450981 0.7254902 0.4274510 0.0666667 -0.0352941 -0.0823529 -0.1450980 -0.2078431 -0.2705882 -0.2470588 -0.2235294 -0.1686275 0.0588235 0.4431373 0.6784314 0.9215686 1.0000000 0.9843137 1.0000000 0.8588235 
0.2078431 0.3254902 0.2705882 -0.0509804 0.0352941 0.0745098 0.0823529 -0.0196078 -0.0274510 -0.0588235 -0.0666667 -0.0039216 0.1372549 0.2000000 0.1921569 0.2549020 0.3333333 0.3647059 0.4431373 0.5137255 0.6549020 0.9686275 0.8823529 0.6941177 0.2235294 -0.0588235 0.0196078 -0.0745098 -0.1372549 -0.1137255 -0.0745098 -0.0196078 0.1450980 0.4666667 0.6549020 0.8352941 0.9529412 0.9686275 0.9843137 0.8901961 
0.3176471 0.3490196 0.3019608 0.2941177 0.2392157 0.2000000 0.1843137 0.1529412 0.1215686 0.1294118 0.1137255 0.1607843 0.2392157 0.2000000 0.2156863 0.3019608 0.3411765 0.3333333 0.3568628 0.4117647 0.6627451 0.9450980 0.7960784 0.7254902 0.3803922 -0.0901961 0.0196078 0.0901961 0.0352941 0.0352941 0.1372549 0.1764706 0.2627451 0.3960784 0.5843138 0.7254902 0.8039216 0.8901961 0.9764706 0.9058824 
0.3254902 0.3098039 0.3098039 0.3019608 0.2941177 0.2313726 0.2313726 0.1843137 0.1529412 0.1607843 0.1294118 0.1372549 0.1137255 0.0666667 0.1607843 0.2392157 0.2313726 0.3254902 0.4039216 0.4588235 0.6392157 0.9764706 0.9137255 0.7568628 0.4196078 -0.2000000 -0.1215686 0.0274510 0.0588235 0.0745098 0.1137255 0.1058824 0.1764706 0.2941177 0.4745098 0.6000000 0.7490196 0.8509804 0.9529412 0.8274510 
0.2000000 0.2235294 0.2862745 0.2392157 0.2549020 0.2470588 0.2549020 0.2235294 0.1764706 0.1372549 0.0745098 0.0431373 -0.0196078 -0.0352941 0.0117647 0.0431373 0.1058824 0.3333333 0.5137255 0.5372549 0.6313726 0.9372549 0.9450980 0.8196079 0.2392157 -0.4196078 -0.1843137 -0.0666667 -0.0117647 -0.0117647 0.0431373 0.0901961 0.2000000 0.3960784 0.5215687 0.6392157 0.7333333 0.8274510 0.9529412 0.5529412 
0.1450980 0.1372549 0.1764706 0.2156863 0.2392157 0.2784314 0.2627451 0.2313726 0.2156863 0.0431373 -0.0666667 -0.1058824 -0.1686275 -0.1921569 -0.0980392 0.0980392 0.2470588 0.4274510 0.4901961 0.4588235 0.4980392 0.7568628 0.9450980 0.9686275 0.3019608 -0.5686275 -0.3333333 -0.1294118 -0.0431373 -0.0196078 0.0274510 0.0509804 0.1294118 0.3254902 0.5215687 0.6705883 0.7254902 0.7882353 0.8901961 0.2705882 
0.1137255 0.1215686 0.1529412 0.2313726 0.2392157 0.2078431 0.2235294 0.2392157 0.1058824 -0.0980392 -0.1607843 -0.1529412 -0.1607843 -0.1607843 0.1529412 0.3411765 0.3647059 0.3960784 0.3254902 0.2000000 0.1607843 0.3411765 0.7725490 0.9843137 0.9529412 -0.1137255 -0.4352941 -0.1921569 -0.1215686 -0.0588235 0.0039216 -0.0117647 0.0039216 0.1843137 0.4745098 0.6235294 0.6705883 0.7725490 0.6784314 -0.2392157 
0.0196078 0.0980392 0.1294118 0.1686275 0.1843137 0.1921569 0.1764706 0.1372549 0.0117647 -0.1215686 -0.2313726 -0.1450980 0.0039216 -0.0196078 -0.0588235 -0.2470588 -0.4666667 -0.1843137 0.0039216 -0.0274510 -0.1215686 -0.1215686 -0.1450980 -0.1372549 0.4509804 0.1529412 -0.2156863 -0.0666667 -0.1215686 -0.1058824 -0.0901961 -0.0588235 -0.0666667 0.0745098 0.4352941 0.6156863 0.6549020 0.7725490 0.3333333 -0.3960784 
-0.0117647 0.0274510 0.0745098 0.0745098 0.1215686 0.2000000 0.1764706 0.0588235 -0.0666667 -0.1215686 -0.1843137 -0.0117647 0.2000000 0.1764706 -0.0980392 -0.3333333 -0.4588235 -0.3725490 -0.3019608 -0.2784314 -0.3882353 -0.5607843 -0.7254902 -0.7019608 -0.4117647 -0.1764706 -0.0588235 -0.0823529 -0.1686275 -0.2000000 -0.2078431 -0.1607843 -0.1450980 -0.0117647 0.4117647 0.5843138 0.6627451 0.7333333 -0.0588235 -0.3333333 
-0.1450980 0.0352941 -0.0117647 0.0039216 0.1137255 0.1764706 0.1686275 0.0431373 -0.0666667 -0.1294118 -0.0588235 0.1843137 0.4196078 0.4666667 0.3960784 0.2784314 0.1372549 -0.0588235 -0.2392157 -0.2392157 -0.1921569 0.1215686 0.5843138 0.5058824 0.1372549 0.0980392 0.0196078 -0.1137255 -0.1843137 -0.2313726 -0.1921569 -0.1764706 -0.1764706 -0.0039216 0.3803922 0.5372549 0.7254902 0.4745098 -0.4666667 -0.3568628 
-0.6078432 -0.0509804 -0.0274510 -0.0588235 0.0588235 0.2000000 0.1294118 -0.0117647 -0.0588235 -0.0901961 0.0352941 0.2392157 0.3568628 0.3333333 0.3333333 0.2705882 0.1607843 0.0588235 0.0509804 0.0117647 0.2862745 0.6941177 0.6941177 0.7960784 0.6549020 0.1686275 -0.0274510 -0.0901961 -0.1843137 -0.2313726 -0.2313726 -0.1843137 -0.1372549 0.0352941 0.4901961 0.5450981 0.7333333 -0.0588235 -0.5607843 -0.3254902 
-0.9137255 -0.4509804 -0.0196078 -0.0901961 -0.0196078 0.1137255 0.0588235 -0.0509804 -0.0980392 -0.0823529 0.0509804 0.2078431 0.2392157 0.1607843 0.1058824 -0.0196078 -0.1215686 -0.2078431 -0.0823529 -0.1372549 -0.0823529 0.2862745 0.4823529 0.6392157 0.8352941 0.7960784 0.3882353 0.0039216 -0.2392157 -0.3333333 -0.2392157 -0.1843137 -0.0745098 0.1607843 0.5372549 0.6313726 0.4117647 -0.5921569 -0.4117647 -0.2549020 
-0.8980392 -0.8588235 -0.3568628 -0.0901961 -0.1215686 0.0117647 0.0117647 -0.0666667 -0.1450980 -0.1607843 -0.0588235 0.0431373 -0.0980392 -0.3254902 -0.4745098 -0.4588235 -0.4666667 -0.4980392 -0.3176471 -0.2392157 -0.4823529 -0.4196078 -0.2000000 0.0274510 0.0274510 0.3725490 0.7019608 0.6078432 -0.0509804 -0.4117647 -0.2549020 -0.1372549 0.0431373 0.2705882 0.4745098 0.4823529 -0.4039216 -0.6235294 -0.3882353 -0.2235294 
-0.8745098 -0.8901961 -0.8588235 -0.3882353 -0.1686275 -0.1294118 -0.0039216 -0.0196078 -0.1607843 -0.2941177 -0.4274510 -0.4588235 -0.3490196 -0.2156863 -0.1215686 -0.1058824 -0.1450980 -0.2000000 -0.0431373 0.1921569 0.1450980 0.2078431 0.4431373 0.6235294 0.5137255 0.3725490 0.1215686 0.2078431 -0.1058824 -0.4196078 -0.1921569 -0.0745098 0.2313726 0.2862745 0.2627451 -0.3803922 -0.7490196 -0.4901961 -0.3803922 -0.2549020 
-0.8588235 -0.8666667 -0.9294118 -0.8980392 -0.5294118 -0.2941177 -0.1921569 -0.1764706 -0.2235294 -0.2941177 -0.2941177 -0.3019608 -0.3333333 -0.2235294 -0.1843137 -0.0745098 -0.0352941 -0.0274510 -0.0039216 0.0588235 0.1058824 0.0431373 0.0431373 0.2941177 0.5450981 0.6470588 0.6784314 0.6862745 0.4039216 -0.2313726 -0.3725490 -0.1764706 0.0823529 -0.0666667 -0.5607843 -0.8039216 -0.5686275 -0.4901961 -0.3568628 -0.2470588 
-0.8823529 -0.8980392 -0.8980392 -0.9137255 -0.9450980 -0.7725490 -0.4980392 -0.3568628 -0.2941177 -0.2313726 -0.1215686 -0.1372549 -0.3098039 -0.4509804 -0.5058824 -0.4901961 -0.4823529 -0.5137255 -0.5921569 -0.5921569 -0.6000000 -0.6235294 -0.7019608 -0.5921569 -0.4431373 -0.4431373 -0.2705882 0.1921569 0.5058824 0.0117647 -0.4509804 -0.3647059 -0.4666667 -0.8039216 -0.8352941 -0.6078432 -0.5294118 -0.4196078 -0.3176471 -0.2235294 
-0.9058824 -0.8823529 -0.8745098 -0.9058824 -0.9215686 -0.9764706 -0.8196079 -0.5372549 -0.4431373 -0.3098039 -0.2235294 -0.2549020 -0.2784314 -0.3019608 -0.3568628 -0.4431373 -0.5058824 -0.5372549 -0.5372549 -0.5921569 -0.5843138 -0.5843138 -0.6078432 -0.6000000 -0.5764706 -0.6000000 -0.4823529 -0.2313726 0.1529412 0.0431373 -0.3647059 -0.7411765 -0.9529412 -0.7960784 -0.6470588 -0.5607843 -0.4745098 -0.4039216 -0.2941177 -0.1921569 
-0.9215686 -0.8823529 -0.8980392 -0.9372549 -0.9215686 -0.9372549 -0.9764706 -0.7647059 -0.5686275 -0.5607843 -0.4431373 -0.3647059 -0.3019608 -0.2313726 -0.2470588 -0.3098039 -0.3490196 -0.3725490 -0.3803922 -0.4352941 -0.5372549 -0.5686275 -0.5372549 -0.4509804 -0.3725490 -0.3176471 -0.3411765 -0.2549020 -0.0823529 -0.3725490 -0.8431373 -0.8980392 -0.7411765 -0.6235294 -0.5764706 -0.5137255 -0.4745098 -0.3960784 -0.2470588 -0.1607843 
-0.9215686 -0.9215686 -0.9215686 -0.9137255 -0.9294118 -0.9294118 -0.9450980 -0.9294118 -0.6941177 -0.5843138 -0.5607843 -0.5058824 -0.4117647 -0.3176471 -0.2784314 -0.3098039 -0.3333333 -0.3803922 -0.4196078 -0.4745098 -0.5294118 -0.5686275 -0.5529412 -0.5137255 -0.4274510 -0.3803922 -0.2705882 -0.3568628 -0.6705883 -0.8039216 -0.8666667 -0.7333333 -0.6392157 -0.5921569 -0.5294118 -0.5058824 -0.4588235 -0.3803922 -0.3568628 -0.1843137 
-0.9294118 -0.9294118 -0.9058824 -0.8980392 -0.9294118 -0.9450980 -0.9529412 -0.9372549 -0.7725490 -0.7019608 -0.5372549 -0.5607843 -0.5529412 -0.5058824 -0.4274510 -0.4431373 -0.5058824 -0.4901961 -0.4431373 -0.4745098 -0.4823529 -0.5137255 -0.5607843 -0.5843138 -0.5686275 -0.6549020 -0.7333333 -0.8745098 -0.7490196 -0.6392157 -0.8039216 -0.6470588 -0.6156863 -0.5686275 -0.5529412 -0.5137255 -0.4352941 -0.4352941 -0.3803922 -0.3568628 
-0.9294118 -0.9294118 -0.9215686 -0.8901961 -0.9058824 -0.9215686 -0.9137255 -0.9686275 -0.6078432 -0.6549020 -0.7333333 -0.5529412 -0.5450981 -0.5529412 -0.5529412 -0.5764706 -0.6078432 -0.5921569 -0.5843138 -0.6078432 -0.6000000 -0.6470588 -0.7098039 -0.7647059 -0.8588235 -0.9372549 -0.8745098 -0.8352941 -0.5764706 -0.2470588 -0.6705883 -0.6862745 -0.5607843 -0.4980392 -0.5137255 -0.5529412 -0.4745098 -0.4431373 -0.4039216 -0.4666667 
-0.8980392 -0.9294118 -0.9372549 -0.9137255 -0.9215686 -0.9372549 -0.9058824 -0.9843137 -0.7019608 -0.2941177 -0.7725490 -0.6784314 -0.6000000 -0.5764706 -0.5686275 -0.5843138 -0.5764706 -0.6549020 -0.6862745 -0.7176471 -0.7254902 -0.7725490 -0.8117647 -0.8509804 -0.8980392 -0.8431373 -0.7647059 -0.8274510 -0.6549020 -0.0901961 0.1058824 -0.6862745 -0.5686275 -0.4901961 -0.5215687 -0.5450981 -0.4901961 -0.4901961 -0.4823529 -0.5137255 
-0.9215686 -0.9450980 -0.9529412 -0.9372549 -0.9294118 -0.9294118 -0.9215686 -0.9607843 -0.8823529 -0.1686275 -0.5137255 -0.8196079 -0.6627451 -0.6235294 -0.6392157 -0.6000000 -0.6000000 -0.5921569 -0.6078432 -0.6313726 -0.6862745 -0.7490196 -0.7411765 -0.8588235 -0.8509804 -0.7176471 -0.6862745 -0.7333333 -0.7098039 -0.6156863 0.0274510 -0.1372549 -0.6627451 -0.5450981 -0.5450981 -0.5215687 -0.5058824 -0.5294118 -0.5450981 -0.5607843 
-0.9372549 -0.9529412 -0.9529412 -0.9450980 -0.9372549 -0.9294118 -0.9215686 -0.9372549 -0.9843137 -0.2784314 -0.1764706 -0.8274510 -0.7333333 -0.6627451 -0.6470588 -0.6156863 -0.6235294 -0.6078432 -0.6235294 -0.6156863 -0.6862745 -0.7490196 -0.7411765 -0.8196079 -0.7176471 -0.6156863 -0.6156863 -0.6235294 -0.6705883 -0.6705883 -0.6156863 0.0980392 -0.2078431 -0.6705883 -0.5764706 -0.5529412 -0.5529412 -0.5450981 -0.5215687 -0.5529412 
-0.9058824 -0.8039216 -0.5137255 -0.3411765 -0.4745098 -0.5450981 -0.6941177 -0.6784314 -0.3568628 -0.2627451 -0.5215687 -0.7725490 -0.9529412 -0.9764706 -0.9294118 -0.9372549 -0.9294118 -0.9372549 -0.9372549 -0.9450980 -0.4431373 -0.2470588 -0.3254902 -0.4274510 -0.7647059 -0.7254902 -0.6862745 -0.7098039 -0.7568628 -0.8117647 -0.8431373 -0.9450980 -1.0000000 -1.0000000 -1.0000000 -0.9294118 -0.6627451 -0.5607843 -0.5294118 -0.4352941 
-0.6156863 -0.4352941 -0.1372549 -0.1843137 -0.1450980 0.1607843 0.0588235 0.0901961 0.2470588 0.1843137 0.1294118 -0.1686275 -0.3803922 -0.7803922 -1.0000000 -0.9686275 -0.9529412 -0.9529412 -0.9764706 -0.9450980 -0.7176471 -0.6156863 -0.5294118 -0.4823529 -0.7333333 -0.7098039 -0.6784314 -0.6392157 -0.6862745 -0.7333333 -0.7725490 -0.7803922 -0.7019608 -0.4901961 -0.5529412 -0.9843137 -0.8901961 -0.5843138 -0.5215687 -0.4901961 
-0.8823529 -0.9058824 -0.8823529 -0.8901961 -0.7803922 -0.5843138 -0.5137255 -0.4274510 -0.3254902 -0.3019608 -0.2470588 -0.1764706 -0.0980392 -0.4588235 -0.7647059 -0.8039216 -0.8117647 -0.8509804 -0.8745098 -0.7960784 -0.8745098 -1.0000000 -1.0000000 -1.0000000 -0.9450980 -0.8509804 -0.8352941 -0.7882353 -0.8196079 -0.8274510 -0.8901961 -0.7411765 -0.4196078 -0.2078431 -0.2235294 -0.8196079 -1.0000000 -0.7568628 -0.5294118 -0.5764706 
-0.8588235 -0.8980392 -0.8039216 -0.7803922 -0.7725490 -0.7098039 -0.7568628 -0.7490196 -0.6941177 -0.6392157 -0.6000000 -0.5137255 -0.4117647 -0.3960784 -0.2862745 -0.2784314 -0.3254902 -0.3176471 -0.2862745 -0.2784314 -0.2705882 -0.3411765 -0.3411765 -0.3098039 -0.2470588 -0.1529412 -0.2392157 -0.3176471 -0.3254902 -0.3333333 -0.4274510 -0.6000000 -0.6549020 -0.4431373 -0.3960784 -0.6549020 -0.9686275 -0.9450980 -0.7333333 -0.6000000 
-0.8745098 -0.8431373 -0.7411765 -0.6941177 -0.6235294 -0.6156863 -0.6313726 -0.5686275 -0.4901961 -0.4823529 -0.4588235 -0.4196078 -0.3803922 -0.4509804 -0.4352941 -0.3803922 -0.3960784 -0.3882353 -0.4352941 -0.4431373 -0.4117647 -0.3960784 -0.3725490 -0.2156863 0.1137255 0.4039216 0.5294118 0.5137255 0.5215687 0.5529412 0.6235294 0.5294118 0.1686275 0.0431373 -0.0352941 -0.2941177 -0.5450981 -0.3725490 -0.3725490 -0.4666667 
-0.9294118 -0.8588235 -0.7098039 -0.6784314 -0.5921569 -0.6470588 -0.6313726 -0.5294118 -0.4823529 -0.4352941 -0.3803922 -0.4352941 -0.3725490 -0.2784314 -0.2862745 -0.2941177 -0.2627451 -0.3411765 -0.4039216 -0.3803922 -0.3647059 -0.3647059 -0.2470588 -0.0745098 0.0901961 0.2470588 0.3647059 0.3647059 0.3803922 0.4196078 0.5058824 0.7176471 0.7568628 0.3411765 0.0352941 -0.3568628 -0.5686275 -0.4509804 -0.2313726 -0.4666667 
-0.9137255 -0.8745098 -0.7333333 -0.6470588 -0.6156863 -0.6627451 -0.6156863 -0.5764706 -0.4901961 -0.4196078 -0.3176471 -0.3411765 -0.3568628 -0.2784314 -0.2784314 -0.2627451 -0.2470588 -0.3254902 -0.3803922 -0.3411765 -0.3176471 -0.2627451 -0.1137255 0.2470588 0.4431373 0.3803922 0.4509804 0.4823529 0.4352941 0.5137255 0.6470588 0.7490196 0.8039216 0.6705883 0.4980392 0.0196078 -0.6156863 -0.7882353 -0.6862745 -0.6156863 
-0.9137255 -0.8588235 -0.7803922 -0.6313726 -0.6235294 -0.6000000 -0.4823529 -0.3725490 -0.3098039 -0.2549020 -0.1921569 -0.1607843 -0.2156863 -0.1764706 -0.0823529 -0.1686275 -0.2235294 -0.3019608 -0.3411765 -0.3176471 -0.2784314 -0.2392157 -0.2156863 -0.0352941 0.2705882 0.2235294 0.3176471 0.5921569 0.6784314 0.7803922 0.9294118 0.9764706 0.9450980 0.9686275 0.7882353 0.6313726 -0.0980392 -0.6705883 -0.7725490 -0.6470588 
-0.8666667 -0.8745098 -0.7411765 -0.5450981 -0.5058824 -0.5215687 -0.5137255 -0.4901961 -0.5215687 -0.6156863 -0.6000000 -0.5294118 -0.4666667 -0.4196078 -0.2470588 -0.3176471 -0.3882353 -0.3333333 -0.3176471 -0.3333333 -0.2862745 -0.2784314 -0.3647059 -0.3411765 -0.3803922 -0.5764706 -0.6470588 -0.5215687 -0.2941177 -0.1764706 0.1372549 0.3882353 0.7019608 0.8666667 0.9450980 0.7960784 0.5372549 -0.3254902 -0.7019608 -0.6549020 
-0.8588235 -0.7960784 -0.6705883 -0.5921569 -0.6000000 -0.7490196 -0.8039216 -0.7882353 -0.7803922 -0.7960784 -0.7882353 -0.7647059 -0.7568628 -0.7725490 -0.6549020 -0.6156863 -0.7019608 -0.4980392 -0.3725490 -0.4352941 -0.3411765 -0.3882353 -0.6313726 -0.6235294 -0.6784314 -0.7568628 -0.7803922 -0.7803922 -0.7647059 -0.8196079 -0.8117647 -0.6235294 -0.2235294 0.2000000 0.6156863 0.7254902 0.8117647 0.3254902 -0.5843138 -0.7176471 
-0.8352941 -0.7568628 -0.6549020 -0.7803922 -0.6470588 -0.6313726 -0.5921569 -0.4823529 -0.4431373 -0.4039216 -0.4666667 -0.5058824 -0.5843138 -0.5686275 -0.5843138 -0.5686275 -0.6078432 -0.4588235 -0.3490196 -0.4274510 -0.3568628 -0.4274510 -0.6000000 -0.6313726 -0.6156863 -0.6156863 -0.6235294 -0.5686275 -0.4823529 -0.4274510 -0.3882353 -0.3176471 -0.1529412 0.0509804 0.3176471 0.5686275 0.7333333 0.8431373 -0.1294118 -0.8431373 
-0.6784314 -0.7960784 -0.6156863 -0.7254902 -0.5294118 -0.4274510 -0.4274510 -0.4039216 -0.3960784 -0.5137255 -0.5921569 -0.6705883 -0.6627451 -0.5529412 -0.5450981 -0.5686275 -0.5294118 -0.4274510 -0.3176471 -0.3803922 -0.4196078 -0.4274510 -0.4980392 -0.5372549 -0.5529412 -0.6156863 -0.6156863 -0.5921569 -0.5529412 -0.5215687 -0.4588235 -0.3725490 0.1294118 0.5294118 0.5529412 0.5215687 0.7333333 0.9529412 0.4274510 -0.7568628 
-0.5058824 -0.7098039 -0.4901961 -0.6156863 -0.5529412 -0.5843138 -0.7254902 -0.8196079 -0.8117647 -0.7882353 -0.8039216 -0.7490196 -0.7176471 -0.5921569 -0.4901961 -0.6000000 -0.5529412 -0.3411765 -0.2470588 -0.2627451 -0.3411765 -0.4196078 -0.5137255 -0.5372549 -0.5294118 -0.5764706 -0.7333333 -0.7803922 -0.7803922 -0.8588235 -0.8352941 -0.8274510 -0.7176471 -0.2313726 0.4588235 0.7254902 0.7333333 0.8980392 0.7019608 -0.4117647 
-0.3019608 -0.5607843 -0.5294118 -0.5686275 -0.8196079 -0.8196079 -0.6941177 -0.6549020 -0.9843137 -0.9294118 -1.0000000 -0.8666667 -0.7019608 -0.8274510 -0.4980392 -0.5215687 -0.5058824 -0.2941177 -0.2156863 -0.1607843 -0.2392157 -0.3882353 -0.5137255 -0.5607843 -0.4352941 -0.7098039 -0.7490196 -0.8666667 -0.8980392 -0.9764706 -0.9921569 -0.4588235 -0.7333333 -0.9686275 -0.8196079 0.0666667 0.6627451 0.8588235 0.8431373 -0.1372549 
-0.2156863 -0.3411765 -0.7254902 -0.4745098 -0.7333333 -0.6705883 -0.5686275 -0.4352941 -0.7882353 -0.8588235 -0.8823529 -0.5921569 -0.5215687 -0.6941177 -0.4431373 -0.3803922 -0.3254902 -0.2549020 -0.1137255 -0.1137255 -0.2078431 -0.3098039 -0.4509804 -0.5137255 -0.4274510 -0.5607843 -0.5058824 -0.5843138 -0.8588235 -0.8666667 -0.5843138 -0.1529412 -0.0352941 0.4039216 0.0509804 0.0352941 0.6470588 0.9137255 0.9294118 0.3411765 
-0.3254902 -0.2470588 -0.6156863 -0.3647059 -0.4196078 -0.5058824 -0.4431373 -0.4823529 -0.4588235 -0.4745098 -0.4980392 -0.5215687 -0.5843138 -0.4274510 -0.2941177 -0.2549020 -0.2549020 -0.1921569 -0.0196078 -0.0117647 -0.0274510 -0.1607843 -0.3647059 -0.3882353 -0.3803922 -0.3490196 -0.4745098 -0.4588235 -0.4352941 -0.4431373 -0.3254902 -0.2000000 0.2627451 0.6470588 0.8588235 1.0000000 0.9529412 0.9529412 0.9921569 0.6549020 
-0.3098039 -0.0901961 -0.3568628 -0.5921569 -0.3254902 -0.3803922 -0.3490196 -0.3725490 -0.4509804 -0.4980392 -0.5372549 -0.5529412 -0.4352941 -0.2705882 -0.2000000 -0.1921569 -0.1843137 -0.0509804 0.0901961 0.2313726 0.3490196 0.5843138 0.3098039 -0.0901961 -0.2627451 -0.3490196 -0.3882353 -0.4352941 -0.4901961 -0.4666667 -0.4588235 -0.4117647 -0.1686275 0.2627451 0.5843138 0.8745098 0.9921569 0.9843137 1.0000000 0.8509804 
-0.1921569 -0.0745098 -0.1137255 -0.4196078 -0.3176471 -0.2784314 -0.2549020 -0.3411765 -0.3411765 -0.3803922 -0.3803922 -0.3254902 -0.2000000 -0.1607843 -0.2078431 -0.1843137 -0.0980392 -0.0196078 0.1058824 0.2941177 0.5450981 0.9294118 0.8745098 0.6235294 0.0509804 -0.3019608 -0.2549020 -0.3411765 -0.4196078 -0.3803922 -0.3333333 -0.2941177 -0.1450980 0.2313726 0.5372549 0.7960784 0.9372549 0.9529412 0.9921569 0.9058824 
-0.1294118 -0.0980392 -0.1372549 -0.1294118 -0.1686275 -0.2000000 -0.1921569 -0.2235294 -0.2549020 -0.2392157 -0.2627451 -0.2156863 -0.1294118 -0.1764706 -0.2000000 -0.1529412 -0.0980392 -0.0352941 0.0588235 0.1921569 0.5294118 0.9058824 0.7882353 0.6470588 0.1843137 -0.3490196 -0.2627451 -0.2000000 -0.2549020 -0.2549020 -0.1450980 -0.1137255 -0.0666667 0.1215686 0.4274510 0.6627451 0.7725490 0.8666667 0.9764706 0.9215686 
-0.1294118 -0.1529412 -0.1686275 -0.1686275 -0.1607843 -0.1843137 -0.1529412 -0.1921569 -0.2313726 -0.2156863 -0.2313726 -0.2156863 -0.2156863 -0.2313726 -0.2000000 -0.1686275 -0.1764706 -0.0196078 0.1215686 0.2784314 0.5529412 0.9686275 0.9294118 0.7019608 0.2313726 -0.4352941 -0.3647059 -0.2235294 -0.2078431 -0.2313726 -0.2235294 -0.2392157 -0.1921569 -0.0117647 0.2705882 0.4980392 0.6941177 0.8196079 0.9450980 0.8274510 
-0.2313726 -0.2235294 -0.1843137 -0.2313726 -0.1921569 -0.1607843 -0.1450980 -0.1764706 -0.2000000 -0.2078431 -0.2392157 -0.2549020 -0.3019608 -0.3019608 -0.3098039 -0.3333333 -0.2705882 -0.0039216 0.2235294 0.3254902 0.4980392 0.8901961 0.9372549 0.7647059 0.0901961 -0.6313726 -0.4196078 -0.3098039 -0.2784314 -0.3019608 -0.2862745 -0.2627451 -0.1529412 0.0901961 0.3098039 0.5058824 0.6627451 0.7960784 0.9215686 0.5294118 
-0.2392157 -0.2784314 -0.2705882 -0.2392157 -0.1921569 -0.1215686 -0.1607843 -0.2078431 -0.1529412 -0.2705882 -0.3411765 -0.3725490 -0.4352941 -0.4509804 -0.3960784 -0.2470588 -0.0980392 0.1058824 0.2000000 0.1686275 0.2784314 0.6470588 0.9058824 0.9058824 0.2000000 -0.7568628 -0.5921569 -0.3803922 -0.3098039 -0.2941177 -0.2549020 -0.2549020 -0.2078431 0.0352941 0.3019608 0.5294118 0.6392157 0.7411765 0.8431373 0.2235294 
-0.2156863 -0.2392157 -0.2549020 -0.2000000 -0.1764706 -0.1843137 -0.2156863 -0.2000000 -0.2470588 -0.3725490 -0.4039216 -0.3960784 -0.4117647 -0.4117647 -0.1294118 0.0352941 0.0352941 0.1058824 0.0666667 -0.0980392 -0.0980392 0.2000000 0.7254902 0.9450980 0.8823529 -0.2705882 -0.6941177 -0.4431373 -0.3647059 -0.3019608 -0.2470588 -0.2705882 -0.3019608 -0.0980392 0.2549020 0.4745098 0.5764706 0.7098039 0.6156863 -0.2941177 
-0.2705882 -0.2313726 -0.2470588 -0.2392157 -0.2156863 -0.1921569 -0.2470588 -0.2705882 -0.2941177 -0.3647059 -0.4588235 -0.4039216 -0.2784314 -0.2784314 -0.3333333 -0.5215687 -0.6705883 -0.4196078 -0.2313726 -0.3019608 -0.3568628 -0.2627451 -0.2156863 -0.2000000 0.3725490 -0.0196078 -0.4823529 -0.3098039 -0.3490196 -0.3411765 -0.3176471 -0.3019608 -0.3411765 -0.1921569 0.2235294 0.4509804 0.5372549 0.6784314 0.2627451 -0.4509804 
-0.2705882 -0.2705882 -0.2784314 -0.3098039 -0.2705882 -0.1843137 -0.2235294 -0.3019608 -0.3333333 -0.3254902 -0.4039216 -0.3098039 -0.1294118 -0.0980392 -0.3647059 -0.5843138 -0.6549020 -0.5764706 -0.4901961 -0.5215687 -0.6078432 -0.7176471 -0.8431373 -0.8274510 -0.5686275 -0.3882353 -0.3098039 -0.3098039 -0.3803922 -0.4117647 -0.4196078 -0.3960784 -0.4117647 -0.2627451 0.1921569 0.4117647 0.5294118 0.6313726 -0.1372549 -0.3960784 
-0.3803922 -0.2313726 -0.3254902 -0.3568628 -0.2705882 -0.2078431 -0.1843137 -0.2784314 -0.3490196 -0.3803922 -0.3333333 -0.1686275 0.0352941 0.1294118 0.0823529 -0.0117647 -0.1294118 -0.2862745 -0.4509804 -0.4901961 -0.4117647 -0.0431373 0.4431373 0.3333333 -0.0666667 -0.1372549 -0.2235294 -0.3568628 -0.4117647 -0.4509804 -0.4039216 -0.3882353 -0.4117647 -0.2235294 0.1686275 0.3647059 0.6000000 0.3803922 -0.5372549 -0.4274510 
-0.7960784 -0.2705882 -0.3019608 -0.3803922 -0.3176471 -0.2156863 -0.2156863 -0.3098039 -0.3647059 -0.4117647 -0.3098039 -0.1372549 -0.0431373 -0.0509804 -0.0274510 -0.0666667 -0.1529412 -0.2235294 -0.2235294 -0.2470588 0.0588235 0.5294118 0.5607843 0.6627451 0.4823529 -0.0509804 -0.2705882 -0.3254902 -0.4431373 -0.4666667 -0.4431373 -0.3803922 -0.3568628 -0.1764706 0.2941177 0.3882353 0.6235294 -0.1215686 -0.6235294 -0.4117647 
-1.0000000 -0.5921569 -0.2156863 -0.3647059 -0.3647059 -0.2941177 -0.2941177 -0.3490196 -0.4039216 -0.3960784 -0.2627451 -0.1137255 -0.0980392 -0.1529412 -0.1921569 -0.3019608 -0.3803922 -0.4509804 -0.3254902 -0.3725490 -0.2784314 0.1529412 0.3803922 0.5450981 0.7176471 0.6549020 0.2078431 -0.2000000 -0.4588235 -0.5607843 -0.4588235 -0.3960784 -0.3568628 -0.1058824 0.3019608 0.4666667 0.3098039 -0.6470588 -0.4666667 -0.3333333 
-0.9058824 -0.9137255 -0.4745098 -0.2941177 -0.4117647 -0.3490196 -0.3333333 -0.3725490 -0.4352941 -0.4509804 -0.3411765 -0.2392157 -0.3568628 -0.5450981 -0.6784314 -0.6627451 -0.6549020 -0.6784314 -0.4980392 -0.4352941 -0.6470588 -0.5294118 -0.2784314 -0.0352941 -0.0352941 0.2941177 0.5843138 0.4431373 -0.2705882 -0.6392157 -0.4823529 -0.3568628 -0.2705882 -0.0196078 0.2470588 0.3333333 -0.4823529 -0.6549020 -0.4352941 -0.2941177 
-0.8588235 -0.9137255 -0.9294118 -0.5294118 -0.3803922 -0.4039216 -0.2862745 -0.2941177 -0.4274510 -0.5529412 -0.6784314 -0.6941177 -0.5607843 -0.3725490 -0.2705882 -0.2470588 -0.2627451 -0.3176471 -0.1607843 0.0509804 0.0039216 0.0980392 0.3568628 0.5450981 0.4509804 0.2941177 0.0196078 0.0588235 -0.3176471 -0.6549020 -0.4117647 -0.2862745 -0.0431373 0.0431373 0.0745098 -0.4980392 -0.8117647 -0.5137255 -0.4274510 -0.3254902 
-0.8980392 -0.9058824 -0.9843137 -0.9607843 -0.6549020 -0.4588235 -0.3960784 -0.4039216 -0.4666667 -0.5372549 -0.5294118 -0.5294118 -0.5529412 -0.3960784 -0.3490196 -0.2156863 -0.1686275 -0.1529412 -0.1294118 -0.0588235 -0.0117647 -0.0823529 -0.0823529 0.1607843 0.4274510 0.5372549 0.5686275 0.5215687 0.1843137 -0.4588235 -0.5843138 -0.3568628 -0.1137255 -0.2392157 -0.6705883 -0.8745098 -0.6156863 -0.5137255 -0.4039216 -0.3176471 
-0.9450980 -0.9529412 -0.9372549 -0.9529412 -1.0000000 -0.8509804 -0.6392157 -0.5450981 -0.4980392 -0.4588235 -0.3568628 -0.3725490 -0.5372549 -0.6627451 -0.7019608 -0.6784314 -0.6549020 -0.6784314 -0.7411765 -0.7019608 -0.7019608 -0.7568628 -0.8588235 -0.7411765 -0.6000000 -0.5921569 -0.4196078 -0.0039216 0.2705882 -0.2156863 -0.6313726 -0.5058824 -0.5843138 -0.8980392 -0.9058824 -0.6627451 -0.5607843 -0.4509804 -0.3647059 -0.2784314 
-0.9529412 -0.9215686 -0.9137255 -0.9450980 -0.9607843 -1.0000000 -0.8901961 -0.6470588 -0.5921569 -0.5058824 -0.4352941 -0.4666667 -0.4823529 -0.4980392 -0.5372549 -0.6156863 -0.6627451 -0.6941177 -0.6784314 -0.6862745 -0.6784314 -0.7019608 -0.7333333 -0.7333333 -0.7098039 -0.7803922 -0.7254902 -0.4980392 -0.1215686 -0.1764706 -0.4901961 -0.7882353 -1.0000000 -0.8666667 -0.7176471 -0.6156863 -0.5372549 -0.4666667 -0.3411765 -0.2313726 
-0.9607843 -0.9215686 -0.9372549 -0.9764706 -0.9686275 -0.9764706 -1.0000000 -0.8431373 -0.6941177 -0.7254902 -0.6313726 -0.5450981 -0.4901961 -0.4431373 -0.4588235 -0.5058824 -0.5215687 -0.5372549 -0.5372549 -0.5607843 -0.6627451 -0.7019608 -0.6784314 -0.5921569 -0.5294118 -0.4745098 -0.5058824 -0.4666667 -0.3176471 -0.5686275 -0.9372549 -0.9607843 -0.7882353 -0.6705883 -0.6313726 -0.5764706 -0.5372549 -0.4666667 -0.2941177 -0.1843137 
-0.9607843 -0.9607843 -0.9607843 -0.9529412 -0.9686275 -0.9686275 -0.9764706 -0.9764706 -0.7803922 -0.7176471 -0.7176471 -0.6705883 -0.5921569 -0.5529412 -0.4980392 -0.5215687 -0.5294118 -0.5686275 -0.6078432 -0.6392157 -0.6784314 -0.7098039 -0.7019608 -0.6549020 -0.5686275 -0.4980392 -0.3568628 -0.4901961 -0.8117647 -0.9372549 -0.9450980 -0.7960784 -0.6627451 -0.6235294 -0.5607843 -0.5529412 -0.5058824 -0.4352941 -0.3803922 -0.1921569 
-0.9686275 -0.9686275 -0.9450980 -0.9372549 -0.9686275 -0.9764706 -0.9686275 -0.9607843 -0.8431373 -0.8117647 -0.6862745 -0.7019608 -0.7254902 -0.7254902 -0.6470588 -0.6470588 -0.6941177 -0.6705883 -0.6235294 -0.6313726 -0.6392157 -0.6549020 -0.6862745 -0.7019608 -0.6862745 -0.7568628 -0.8196079 -0.9686275 -0.8352941 -0.7098039 -0.8431373 -0.6470588 -0.6313726 -0.5921569 -0.5764706 -0.5450981 -0.4823529 -0.4823529 -0.4039216 -0.3647059 
-0.9607843 -0.9686275 -0.9607843 -0.9294118 -0.9450980 -0.9607843 -0.9294118 -0.9843137 -0.6784314 -0.7725490 -0.8823529 -0.7098039 -0.7098039 -0.7411765 -0.7333333 -0.7411765 -0.7568628 -0.7333333 -0.7176471 -0.7490196 -0.7411765 -0.7803922 -0.8196079 -0.8588235 -0.9294118 -1.0000000 -0.9607843 -0.8980392 -0.6078432 -0.2627451 -0.6784314 -0.6862745 -0.6000000 -0.5372549 -0.5450981 -0.5843138 -0.5058824 -0.4745098 -0.4196078 -0.4745098 
-0.9450980 -0.9686275 -0.9764706 -0.9607843 -0.9686275 -0.9764706 -0.9372549 -1.0000000 -0.7803922 -0.4274510 -0.9294118 -0.8509804 -0.7803922 -0.7176471 -0.7098039 -0.7098039 -0.6941177 -0.7568628 -0.7803922 -0.8431373 -0.8509804 -0.8823529 -0.8901961 -0.9058824 -0.9294118 -0.8666667 -0.8039216 -0.8509804 -0.6549020 -0.1137255 0.0509804 -0.7568628 -0.6392157 -0.5607843 -0.5764706 -0.5764706 -0.5215687 -0.5215687 -0.5058824 -0.5372549 
-0.9450980 -0.9686275 -0.9764706 -0.9607843 -0.9607843 -0.9529412 -0.9607843 -0.9921569 -0.9294118 -0.3098039 -0.7098039 -0.9686275 -0.7725490 -0.7411765 -0.7490196 -0.7176471 -0.7176471 -0.7019608 -0.7254902 -0.7490196 -0.8039216 -0.8509804 -0.8274510 -0.9215686 -0.8745098 -0.7176471 -0.7098039 -0.7568628 -0.7254902 -0.6313726 0.0117647 -0.1529412 -0.6705883 -0.5686275 -0.5843138 -0.5607843 -0.5529412 -0.5529412 -0.5686275 -0.5921569 
-0.9529412 -0.9686275 -0.9686275 -0.9607843 -0.9529412 -0.9450980 -0.9607843 -0.9607843 -0.9921569 -0.4039216 -0.3882353 -0.9686275 -0.8039216 -0.7725490 -0.7568628 -0.7333333 -0.7568628 -0.7333333 -0.7647059 -0.7490196 -0.7882353 -0.8431373 -0.8431373 -0.9058824 -0.7411765 -0.6156863 -0.6549020 -0.6705883 -0.6941177 -0.6705883 -0.5921569 0.1450980 -0.1607843 -0.6627451 -0.6078432 -0.6000000 -0.6000000 -0.5686275 -0.5529412 -0.5921569 
