2.6412146 1.5912724 0.7506012 1.0934603 2.4170182 
2.1395075 1.1483983 0.7470993 0.8738562 3.2994573 
0.4984761 1.1182826 1.1459900 3.2188237 2.9794514 
2.5856266 0.8244484 0.8769439 2.2135570 3.6107891 
2.6726339 1.3345914 0.2584525 1.9967372 1.3986616 
2.5839927 2.9650540 2.9570138 2.4100425 2.6892712 
2.0914016 2.9264388 1.9937663 3.0999572 3.1647980 
0.8544838 1.4742708 3.1624300 2.7551448 1.0842687 
3.0990908 2.1057637 2.7154231 2.9105742 2.8532701 
2.6059222 2.3139763 2.1323810 2.6540699 2.3847988 
2.7454102 2.9793246 2.2637696 3.0173583 3.4834206 
2.1495564 2.5560441 1.8117714 2.1731329 3.9701560 
1.3517373 1.7128750 1.9035349 3.4934354 1.0408617 
2.7881966 1.3567457 2.9241698 2.5148346 1.4973508 
2.5826054 2.6164148 1.8925579 2.4464788 2.6004136 
2.9547079 1.8256570 1.6608421 3.6577995 0.8368393 
1.4152833 1.3883841 0.9779215 3.1057043 3.3841522 
0.1342776 1.8125275 2.9011481 2.1013558 0.5999832 
1.4725076 1.5791333 3.0622389 3.7738669 1.3525484 
0.5400722 0.6752657 0.5877990 1.5349524 0.2380390 
2.2480125 2.1556196 2.3871648 2.4646680 2.1683266 
1.0148540 1.1415458 1.3225582 1.7158884 3.1946435 
0.6686466 0.7086313 1.0658265 0.9571850 0.6598498 
0.2689998 1.5248716 3.1356845 2.2628298 0.3498845 
2.2324533 1.8634374 1.8149263 1.5471077 1.2036085 
2.0200644 2.0723674 2.1419671 1.8986539 1.9549917 
1.8768595 2.3444467 0.9180881 2.1226938 1.1483681 
0.0092268 0.5554647 0.3598328 0.6024652 0.0448480 
2.3913286 0.8732234 1.1598070 1.2804629 1.7751454 
2.5005100 1.7548372 2.1474638 2.1813428 1.8198987 
1.2372837 1.3695589 1.6133108 2.1794052 1.8221805 
0.5332586 1.1493977 1.2913855 2.6278281 2.5220809 
1.0486047 1.2480513 2.5294218 1.6410708 2.1711183 
0.8808023 1.4149508 2.1073127 2.0953403 2.0297956 
0.0463382 0.4907904 0.1984806 1.0861586 0.5479193 
1.2369614 2.2889984 2.2799103 2.3015935 2.0861609 
1.6211798 2.0227206 1.3483257 2.2584124 2.3133090 
1.1426177 1.3670007 1.0684096 1.1976273 0.4199126 
1.1051706 1.5343404 2.4466393 1.2843771 1.7084166 
2.1324170 1.6076479 2.0081546 2.0624216 1.8342253 
